0000000000000000000000000000
0000000000000000000000000000
0000000000000000000000000000
0000000000000000000000000000
0000000000000000000000000000
0000000000000000000000000000
0000000000001111100000000000
0000000000111111110000000000
0000000000110000011000000000
0000000001100000011000000000
0000000001100000011000000000
0000000000110000011000000000
0000000000111000110000000000
0000000000001111000000000000
0000000000111000110000000000
0000000000100000011000000000
0000000001100000001000000000
0000000001100000001000000000
0000000001100000011000000000
0000000000110000011000000000
0000000000111001110000000000
0000000000001111000000000000
0000000000000000000000000000
0000000000000000000000000000
0000000000000000000000000000
0000000000000000000000000000
0000000000000000000000000000
0000000000000000000000000000
