1000000000000000000000000000
1000000000000000000000000000
1000000000000000000000000000
1000000000000000000000000000
1000000000000000000000000000
1000000000000000000000000000
1000000000000000000000000000
1000000000000000000000000000
1000000000000000000000000000
1000000000000000000000000000
1000000000000000000000000000
1000000000000000000000000000
1000000000000000110000000000
1000000000000001110000000000
1000000000000011110000000000
1000000000000010010000000000
1000000000000111110000000000
1000000000000111111000000000
1000000000000000110000000000
1000000000000000000000000000
1000000000000000000000000000
1000000000000000000000000000
1000000000000000000000000000
1000000000000000000000000000
1000000000000000000000000000
1000000000000000000000000000
1000000000000000000000000000
1111111110111111111111111111
