0000000000000000000000000000
0000000000000000000000000000
0000000000000000000000000000
0000000000000000000000000000
0000000000000000000000000000
0000000000000000000000000000
0000000000001110000000000000
0000000001111111100000000000
0000000001100001110000000000
0000000000000000110000000000
0000000000000000010000000000
0000000000000000010000000000
0000000000000000110000000000
0000000000000000100000000000
0000000000000001100000000000
0000000000000011000000000000
0000000000000110000000000000
0000000000001100000000000000
0000000000011000000000000000
0000000000110000000000000000
0000000001111111110000000000
0000000001111111111000000000
0000000000000000000000000000
0000000000000000000000000000
0000000000000000000000000000
0000000000000000000000000000
0000000000000000000000000000
0000000000000000000000000000
