0000000000000000000000000000
0000000000000000000000000000
0000000000000000000000000000
0000000000000000000000000000
0000000000000000000000000000
0000000000000000000000000000
0000000000000000000000000000
0000000000001111100000000000
0000000000011000110000000000
0000000000110000011000000000
0000000000100000011000000000
0000000001100000001000000000
0000000001100000001000000000
0000000001100000001100000000
0000000000100000011100000000
0000000000110000111100000000
0000000000011111101100000000
0000000000000111001100000000
0000000000000000001000000000
0000000000000000011000000000
0000000000000000011000000000
0000000000000000110000000000
0000000000111111100000000000
0000000000001110000000000000
0000000000000000000000000000
0000000000000000000000000000
0000000000000000000000000000
0000000000000000000000000000
