0000000000000000000000000000
0000000000000000000000000000
0000000000000000000000000000
0000000000000000000000000000
0000000000000000000000000000
0000000000000000000000000000
0000000000000000000000000000
0000000000000000000000000000
0000000000000000000000000000
0000000000000000000000000000
0000000000000000000000000000
0000000000000010100000000000
0000000000000111110000000000
0000000000000110000000000000
0000000000000110000000000000
0000000000000011100000000000
0000000000000000110000000000
0000000000000000110000000000
0000000000000111100000000000
0000000000000011000000000000
0000000000000000000000000000
0000000000000000000000000000
0000000000000000000000000000
0000000000000000000000000000
0000000000000000000000000000
0000000000000000000000000000
0000000000000000000000000000
1111111111111111011111011111
