1000000000000000000000000000
1000000000000000000000000000
1000000000000000000000000000
1000000000000000000000000000
1000000000000000000000000000
1000000000000000000000000000
1000000000000000000000000000
1000000000000000000000000000
1000000000000000000000000000
1000000000000000000000000000
1000000000000000000000000000
1000000000000010000000000000
1000000000001111000000000000
1000000000000001000000000000
1000000000000001000000000000
1000000000000011000000000000
1000000000000110000000000000
1000000000001100000000000000
1000000000001111000000000000
1000000000001111000000000000
1000000000000000000000000000
1000000000000000000000000000
1000000000000000000000000000
1000000000000000000000000000
1000000000000000000000000000
1000000000000000000000000000
1000000000000000000000000000
1111111111111111011111111111
