0000000000000000000000000000
0000000000000000000000000000
0000000000000000000000000000
0000000000000000000000000000
0000000000000000000000000000
0000000000000000000000000000
0000000000011111100000000000
0000000000111111111000000000
0000000000000000011000000000
0000000000000000001000000000
0000000000000000001000000000
0000000000000000011000000000
0000000000000000110000000000
0000000000000111100000000000
0000000000000001110000000000
0000000000000000001000000000
0000000000000000001100000000
0000000000000000001100000000
0000000000000000001100000000
0000000000000000011000000000
0000000000100000111000000000
0000000000111111110000000000
0000000000000000000000000000
0000000000000000000000000000
0000000000000000000000000000
0000000000000000000000000000
0000000000000000000000000000
0000000000000000000000000000
