0000000000000000000000000000
0000000000000000000000000000
0000000000000000000000000000
0000000000000000000000000000
0000000000000000000000000000
0000000000000000000000000000
0000000000000000000000000000
0000000000001111110000000000
0000000000011000010000000000
0000000000110000000000000000
0000000001100000000000000000
0000000001100000000000000000
0000000001101111000000000000
0000000011011000110000000000
0000000011110000011000000000
0000000011100000011000000000
0000000001100000011000000000
0000000001100000011000000000
0000000001100000011000000000
0000000001110000011000000000
0000000000111000110000000000
0000000000011111100000000000
0000000000000000000000000000
0000000000000000000000000000
0000000000000000000000000000
0000000000000000000000000000
0000000000000000000000000000
0000000000000000000000000000
