1100000000000000000000000000
1000000000000000000000000000
1000000000000000000000000000
1000000000000000000000000000
1000000000000000000000000000
1000000000000000000000000000
1000000000000000000000000000
1000000000000000000000000000
1000000000000000000000000000
1000000000000000000000000000
1000000000000000000000000000
1000000000000001000000000000
1000000000000011110000000000
1000000000000000110000000000
1000000000000000110000000000
1000000000000001110000000000
1000000000000000010000000000
1000000000000000010000000000
1000000000000111110000000000
1000000000000011000000000000
1000000000000000000000000000
1000000000000000000000000000
1000000000000000000000000000
1000000000000000000000000000
1000000000000000000000000000
1000000000000000000000000000
1000000000000000000000000000
1111111111101111111111111111
