1000000000000000000000000000
1000000000000000000000000000
1000000000000000000000000000
1000000000000000000000000000
1000000000000000000000000000
1000000000000000000000000000
1000000000000000000000000000
1000000000000000000000000000
1000000000000000000000000000
1000000000000000000000000000
1000000000000000000000000000
1000000000000000000000000000
1000000000001111000000000000
1000000000011001100000000000
1000000000011000100000000000
1000000000001111100000000000
1000000000000001100000000000
1000000000000001000000000000
1000000000001110000000000000
1000000000001100000000000000
1000000000000000000000000000
1000000000000000000000000000
1000000000000000000000000000
1000000000000000000000000000
1000000000000000000000000000
1000000000000000000000000000
1000000000000000000000000000
1111111111111111111110111111
