0000000000000000000000000000
0000000000000000000000000000
0000000000000000000000000000
0000000000000000000000000000
0000000000000000000000000000
0000000000000000000000000000
0000000000000000000000000000
0000000000000001100000000000
0000000000000011100000000000
0000000000000111100000000000
0000000000001101100000000000
0000000000001001100000000000
0000000000010001100000000000
0000000000110001100000000000
0000000000100001100000000000
0000000001000001100000000000
0000000011000001100000000000
0000000011111111111100000000
0000000000000000100000000000
0000000000000001100000000000
0000000000000001100000000000
0000000000000001100000000000
0000000000000000000000000000
0000000000000000000000000000
0000000000000000000000000000
0000000000000000000000000000
0000000000000000000000000000
0000000000000000000000000000
